分类报告：
              precision    recall  f1-score   support

           0       0.89      0.80      0.84        20
           1       0.94      0.94      0.94        17
           2       0.91      0.91      0.91        22
           3       1.00      0.90      0.95        20
           4       0.95      0.95      0.95        22
           5       0.39      0.88      0.54         8
           6       1.00      0.89      0.94        19
           7       1.00      0.97      0.98        29
           8       1.00      0.94      0.97        18
           9       0.88      0.83      0.86        18
          10       0.89      0.89      0.89        19
          11       0.89      0.85      0.87        20
          12       1.00      1.00      1.00        22

    accuracy                           0.91       254
   macro avg       0.90      0.90      0.90       254
weighted avg       0.93      0.91      0.92       254

混淆矩阵：
[[16  0  0  0  0  4  0  0  0  0  0  0  0]
 [ 0 16  0  0  0  1  0  0  0  0  0  0  0]
 [ 0  0 20  0  0  2  0  0  0  0  0  0  0]
 [ 0  0  0 18  0  1  0  0  0  0  0  1  0]
 [ 0  0  1  0 21  0  0  0  0  0  0  0  0]
 [ 1  0  0  0  0  7  0  0  0  0  0  0  0]
 [ 1  0  0  0  0  1 17  0  0  0  0  0  0]
 [ 0  0  0  0  0  0  0 28  0  0  1  0  0]
 [ 0  0  0  0  0  1  0  0 17  0  0  0  0]
 [ 0  1  0  0  1  0  0  0  0 15  0  1  0]
 [ 0  0  0  0  0  0  0  0  0  2 17  0  0]
 [ 0  0  1  0  0  1  0  0  0  0  1 17  0]
 [ 0  0  0  0  0  0  0  0  0  0  0  0 22]]