分类报告：
              precision    recall  f1-score   support

           0       0.94      0.80      0.86        20
           1       0.94      0.94      0.94        17
           2       0.95      0.95      0.95        22
           3       0.86      0.90      0.88        20
           4       1.00      0.91      0.95        22
           5       0.50      1.00      0.67         8
           6       0.89      0.89      0.89        19
           7       1.00      1.00      1.00        29
           8       0.94      0.94      0.94        18
           9       0.74      0.78      0.76        18
          10       0.72      0.68      0.70        19
          11       0.88      0.75      0.81        20
          12       1.00      0.95      0.98        22

    accuracy                           0.89       254
   macro avg       0.87      0.89      0.87       254
weighted avg       0.90      0.89      0.89       254

混淆矩阵：
[[16  0  0  0  0  4  0  0  0  0  0  0  0]
 [ 0 16  0  0  0  1  0  0  0  0  0  0  0]
 [ 0  0 21  0  0  1  0  0  0  0  0  0  0]
 [ 0  0  0 18  0  1  0  0  0  0  1  0  0]
 [ 0  0  0  0 20  0  0  0  0  0  2  0  0]
 [ 0  0  0  0  0  8  0  0  0  0  0  0  0]
 [ 0  0  0  0  0  0 17  0  1  1  0  0  0]
 [ 0  0  0  0  0  0  0 29  0  0  0  0  0]
 [ 0  0  0  0  0  0  0  0 17  0  1  0  0]
 [ 0  1  0  1  0  0  1  0  0 14  1  0  0]
 [ 0  0  0  0  0  0  1  0  0  4 13  1  0]
 [ 1  0  1  2  0  1  0  0  0  0  0 15  0]
 [ 0  0  0  0  0  0  0  0  0  0  0  1 21]]