分类报告：
              precision    recall  f1-score   support

           0       0.79      0.75      0.77        20
           1       0.73      0.65      0.69        17
           2       0.57      0.59      0.58        22
           3       0.76      0.65      0.70        20
           4       1.00      0.77      0.87        22
           5       0.33      0.75      0.46         8
           6       0.82      0.74      0.78        19
           7       0.74      0.79      0.77        29
           8       0.77      0.94      0.85        18
           9       0.61      0.78      0.68        18
          10       0.91      0.53      0.67        19
          11       0.75      0.60      0.67        20
          12       0.72      0.82      0.77        22

    accuracy                           0.72       254
   macro avg       0.73      0.72      0.71       254
weighted avg       0.75      0.72      0.73       254

混淆矩阵：
[[15  0  0  0  0  2  0  0  2  0  0  0  1]
 [ 0 11  1  0  0  0  0  3  0  0  0  1  1]
 [ 0  1 13  2  0  3  1  0  0  1  1  0  0]
 [ 0  0  1 13  0  4  0  1  0  0  0  1  0]
 [ 0  1  0  0 17  1  1  0  1  1  0  0  0]
 [ 1  0  0  0  0  6  0  1  0  0  0  0  0]
 [ 1  0  3  0  0  0 14  0  1  0  0  0  0]
 [ 1  0  0  1  0  0  0 23  0  1  0  1  2]
 [ 0  0  1  0  0  0  0  0 17  0  0  0  0]
 [ 1  1  0  0  0  1  0  0  0 14  0  0  1]
 [ 0  0  1  0  0  0  1  2  0  3 10  0  2]
 [ 0  0  2  0  0  1  0  1  1  3  0 12  0]
 [ 0  1  1  1  0  0  0  0  0  0  0  1 18]]