分类报告：
              precision    recall  f1-score   support

           0       0.81      0.65      0.72        20
           1       0.56      0.82      0.67        17
           2       1.00      0.50      0.67        22
           3       0.75      0.60      0.67        20
           4       0.79      0.68      0.73        22
           5       0.21      0.88      0.34         8
           6       1.00      0.74      0.85        19
           7       0.89      0.59      0.71        29
           8       0.88      0.83      0.86        18
           9       0.64      0.78      0.70        18
          10       0.81      0.68      0.74        19
          11       0.68      0.65      0.67        20
          12       0.74      0.91      0.82        22

    accuracy                           0.70       254
   macro avg       0.75      0.72      0.70       254
weighted avg       0.79      0.70      0.72       254

混淆矩阵：
[[13  0  0  0  0  6  0  0  0  0  1  0  0]
 [ 0 14  0  0  0  1  0  0  1  0  0  0  1]
 [ 0  2 11  0  2  4  0  0  0  1  1  0  1]
 [ 0  2  0 12  0  5  0  0  0  0  0  0  1]
 [ 0  2  0  0 15  2  0  0  0  0  1  0  2]
 [ 1  0  0  0  0  7  0  0  0  0  0  0  0]
 [ 0  0  0  0  0  1 14  0  0  2  0  1  1]
 [ 0  2  0  2  1  3  0 17  0  1  0  3  0]
 [ 0  0  0  1  0  1  0  0 15  0  0  0  1]
 [ 1  1  0  0  0  0  0  0  1 14  0  1  0]
 [ 0  1  0  1  0  0  0  0  0  3 13  1  0]
 [ 1  0  0  0  1  3  0  1  0  1  0 13  0]
 [ 0  1  0  0  0  0  0  1  0  0  0  0 20]]