分类报告：
              precision    recall  f1-score   support

           0       1.00      0.95      0.97        20
           1       0.94      1.00      0.97        17
           2       1.00      0.95      0.98        22
           3       0.95      0.90      0.92        20
           4       0.88      0.95      0.91        22
           5       0.62      1.00      0.76         8
           6       0.95      0.95      0.95        19
           7       0.97      1.00      0.98        29
           8       0.94      0.94      0.94        18
           9       0.88      0.78      0.82        18
          10       0.89      0.89      0.89        19
          11       1.00      0.80      0.89        20
          12       1.00      1.00      1.00        22

    accuracy                           0.93       254
   macro avg       0.92      0.93      0.92       254
weighted avg       0.94      0.93      0.93       254

混淆矩阵：
[[19  0  0  0  0  1  0  0  0  0  0  0  0]
 [ 0 17  0  0  0  0  0  0  0  0  0  0  0]
 [ 0  0 21  0  0  1  0  0  0  0  0  0  0]
 [ 0  0  0 18  0  1  0  0  0  0  1  0  0]
 [ 0  0  0  0 21  0  0  0  0  0  1  0  0]
 [ 0  0  0  0  0  8  0  0  0  0  0  0  0]
 [ 0  0  0  1  0  0 18  0  0  0  0  0  0]
 [ 0  0  0  0  0  0  0 29  0  0  0  0  0]
 [ 0  0  0  0  1  0  0  0 17  0  0  0  0]
 [ 0  1  0  0  2  0  1  0  0 14  0  0  0]
 [ 0  0  0  0  0  0  0  0  0  2 17  0  0]
 [ 0  0  0  0  0  2  0  1  1  0  0 16  0]
 [ 0  0  0  0  0  0  0  0  0  0  0  0 22]]