分类报告：
              precision    recall  f1-score   support

           0       0.89      0.85      0.87        20
           1       0.94      0.94      0.94        17
           2       0.91      0.91      0.91        22
           3       1.00      0.90      0.95        20
           4       1.00      0.95      0.98        22
           5       0.44      0.88      0.58         8
           6       0.95      0.95      0.95        19
           7       1.00      0.97      0.98        29
           8       1.00      0.94      0.97        18
           9       0.88      0.83      0.86        18
          10       0.85      0.89      0.87        19
          11       0.94      0.85      0.89        20
          12       1.00      1.00      1.00        22

    accuracy                           0.92       254
   macro avg       0.91      0.91      0.90       254
weighted avg       0.93      0.92      0.92       254

混淆矩阵：
[[17  0  0  0  0  3  0  0  0  0  0  0  0]
 [ 0 16  0  0  0  1  0  0  0  0  0  0  0]
 [ 0  0 20  0  0  2  0  0  0  0  0  0  0]
 [ 0  0  0 18  0  1  0  0  0  0  1  0  0]
 [ 0  0  1  0 21  0  0  0  0  0  0  0  0]
 [ 1  0  0  0  0  7  0  0  0  0  0  0  0]
 [ 1  0  0  0  0  0 18  0  0  0  0  0  0]
 [ 0  0  0  0  0  0  0 28  0  0  1  0  0]
 [ 0  0  0  0  0  1  0  0 17  0  0  0  0]
 [ 0  1  0  0  0  0  1  0  0 15  0  1  0]
 [ 0  0  0  0  0  0  0  0  0  2 17  0  0]
 [ 0  0  1  0  0  1  0  0  0  0  1 17  0]
 [ 0  0  0  0  0  0  0  0  0  0  0  0 22]]