分类报告：
                 precision    recall  f1-score   support

AbstractFactory       0.88      0.70      0.78        20
        Adapter       0.89      0.94      0.91        17
        Builder       0.95      0.86      0.90        22
      Decorator       0.86      0.90      0.88        20
         Facade       0.91      0.91      0.91        22
  FactoryMethod       0.40      0.75      0.52         8
        Memento       0.88      0.74      0.80        19
           None       1.00      0.97      0.98        29
       Observer       0.88      0.83      0.86        18
      Prototype       0.68      0.72      0.70        18
          Proxy       0.74      0.74      0.74        19
      Singleton       0.73      0.80      0.76        20
        Visitor       1.00      0.95      0.98        22

       accuracy                           0.84       254
      macro avg       0.83      0.83      0.82       254
   weighted avg       0.86      0.84      0.85       254

混淆矩阵：
[[14  0  0  0  0  4  0  0  0  1  0  1  0]
 [ 0 16  0  0  0  1  0  0  0  0  0  0  0]
 [ 0  0 19  0  1  1  1  0  0  0  0  0  0]
 [ 0  0  0 18  0  1  0  0  0  0  0  1  0]
 [ 0  0  0  0 20  0  0  0  0  0  1  1  0]
 [ 2  0  0  0  0  6  0  0  0  0  0  0  0]
 [ 0  0  0  0  1  0 14  0  1  2  0  1  0]
 [ 0  0  0  0  0  0  1 28  0  0  0  0  0]
 [ 0  1  0  0  0  0  0  0 15  0  2  0  0]
 [ 0  1  0  2  0  0  0  0  0 13  1  1  0]
 [ 0  0  0  0  0  0  0  0  1  3 14  1  0]
 [ 0  0  1  0  0  2  0  0  0  0  1 16  0]
 [ 0  0  0  1  0  0  0  0  0  0  0  0 21]]