Accuracy: 0.9186351706036745

Classification Report:
              precision    recall  f1-score   support

           0       0.92      0.85      0.88        26
           1       0.95      0.95      0.95        22
           2       0.94      0.97      0.96        35
           3       0.87      0.87      0.87        31
           4       0.97      0.91      0.94        32
           5       0.67      1.00      0.80        16
           6       1.00      0.93      0.97        30
           7       0.95      0.98      0.96        41
           8       0.88      0.97      0.92        31
           9       0.85      0.88      0.86        25
          10       0.90      0.88      0.89        32
          11       1.00      0.77      0.87        30
          12       1.00      1.00      1.00        30

    accuracy                           0.92       381
   macro avg       0.92      0.92      0.91       381
weighted avg       0.93      0.92      0.92       381


Confusion Matrix:
[[22  0  0  0  0  4  0  0  0  0  0  0  0]
 [ 1 21  0  0  0  0  0  0  0  0  0  0  0]
 [ 0  0 34  0  0  1  0  0  0  0  0  0  0]
 [ 0  0  0 27  0  1  0  0  2  0  1  0  0]
 [ 0  0  1  0 29  0  0  1  0  0  1  0  0]
 [ 0  0  0  0  0 16  0  0  0  0  0  0  0]
 [ 0  0  0  1  0  0 28  0  0  1  0  0  0]
 [ 0  0  0  0  0  0  0 40  0  0  1  0  0]
 [ 0  0  0  0  0  0  0  0 30  1  0  0  0]
 [ 0  1  0  0  1  0  0  0  1 22  0  0  0]
 [ 0  0  1  1  0  0  0  0  0  2 28  0  0]
 [ 1  0  0  2  0  2  0  1  1  0  0 23  0]
 [ 0  0  0  0  0  0  0  0  0  0  0  0 30]]