分类报告：
                 precision    recall  f1-score   support

AbstractFactory       0.62      0.89      0.73         9
        Adapter       1.00      1.00      1.00         8
        Builder       1.00      1.00      1.00         6
      Decorator       0.88      1.00      0.93         7
         Facade       1.00      1.00      1.00         5
  FactoryMethod       0.90      0.69      0.78        13
        Memento       0.50      1.00      0.67         4
           None       1.00      0.67      0.80         3
       Observer       0.75      1.00      0.86         3
      Prototype       1.00      0.64      0.78        11
          Proxy       0.86      0.86      0.86         7
      Singleton       0.50      0.33      0.40         3
        Visitor       1.00      0.83      0.91         6

       accuracy                           0.84        85
      macro avg       0.85      0.84      0.82        85
   weighted avg       0.87      0.84      0.84        85

混淆矩阵：
[[8 0 0 0 0 1 0 0 0 0 0 0 0]
 [0 8 0 0 0 0 0 0 0 0 0 0 0]
 [0 0 6 0 0 0 0 0 0 0 0 0 0]
 [0 0 0 7 0 0 0 0 0 0 0 0 0]
 [0 0 0 0 5 0 0 0 0 0 0 0 0]
 [3 0 0 0 0 9 0 0 0 0 0 1 0]
 [0 0 0 0 0 0 4 0 0 0 0 0 0]
 [0 0 0 0 0 0 0 2 1 0 0 0 0]
 [0 0 0 0 0 0 0 0 3 0 0 0 0]
 [0 0 0 1 0 0 2 0 0 7 1 0 0]
 [0 0 0 0 0 0 1 0 0 0 6 0 0]
 [1 0 0 0 0 0 1 0 0 0 0 1 0]
 [1 0 0 0 0 0 0 0 0 0 0 0 5]]