分类报告：
                 precision    recall  f1-score   support

AbstractFactory       0.78      0.78      0.78         9
        Adapter       0.25      0.12      0.17         8
        Builder       0.75      1.00      0.86         6
      Decorator       0.67      0.57      0.62         7
         Facade       0.62      1.00      0.77         5
  FactoryMethod       0.83      0.77      0.80        13
        Memento       0.50      1.00      0.67         4
           None       0.40      0.67      0.50         3
       Observer       0.67      0.67      0.67         3
      Prototype       1.00      0.64      0.78        11
          Proxy       0.75      0.86      0.80         7
      Singleton       0.33      0.33      0.33         3
        Visitor       1.00      0.67      0.80         6

       accuracy                           0.69        85
      macro avg       0.66      0.70      0.66        85
   weighted avg       0.71      0.69      0.68        85

混淆矩阵：
[[ 7  1  0  1  0  0  0  0  0  0  0  0  0]
 [ 1  1  0  1  1  0  0  2  0  0  1  1  0]
 [ 0  0  6  0  0  0  0  0  0  0  0  0  0]
 [ 0  0  0  4  1  1  1  0  0  0  0  0  0]
 [ 0  0  0  0  5  0  0  0  0  0  0  0  0]
 [ 0  0  2  0  0 10  1  0  0  0  0  0  0]
 [ 0  0  0  0  0  0  4  0  0  0  0  0  0]
 [ 0  0  0  0  0  0  1  2  0  0  0  0  0]
 [ 0  1  0  0  0  0  0  0  2  0  0  0  0]
 [ 0  0  0  0  0  0  1  1  0  7  1  1  0]
 [ 0  0  0  0  0  0  0  0  1  0  6  0  0]
 [ 1  0  0  0  1  0  0  0  0  0  0  1  0]
 [ 0  1  0  0  0  1  0  0  0  0  0  0  4]]