分类报告：
                 precision    recall  f1-score   support

AbstractFactory       0.94      0.85      0.89        20
        Adapter       0.94      0.94      0.94        17
        Builder       0.95      0.82      0.88        22
      Decorator       0.90      0.90      0.90        20
         Facade       0.88      1.00      0.94        22
  FactoryMethod       0.54      0.88      0.67         8
        Memento       1.00      0.95      0.97        19
           None       0.96      0.86      0.91        29
       Observer       0.89      0.94      0.92        18
      Prototype       0.79      0.83      0.81        18
          Proxy       0.83      0.79      0.81        19
      Singleton       0.89      0.80      0.84        20
        Visitor       0.92      1.00      0.96        22

       accuracy                           0.89       254
      macro avg       0.88      0.89      0.88       254
   weighted avg       0.90      0.89      0.89       254

混淆矩阵：
[[17  0  0  0  0  2  0  1  0  0  0  0  0]
 [ 0 16  0  0  0  0  0  0  1  0  0  0  0]
 [ 0  0 18  0  1  3  0  0  0  0  0  0  0]
 [ 0  0  0 18  1  1  0  0  0  0  0  0  0]
 [ 0  0  0  0 22  0  0  0  0  0  0  0  0]
 [ 1  0  0  0  0  7  0  0  0  0  0  0  0]
 [ 0  0  0  0  0  0 18  0  0  1  0  0  0]
 [ 0  0  0  1  0  0  0 25  0  0  1  1  1]
 [ 0  0  0  0  0  0  0  0 17  0  0  1  0]
 [ 0  1  0  1  0  0  0  0  0 15  1  0  0]
 [ 0  0  0  0  0  0  0  0  1  3 15  0  0]
 [ 0  0  1  0  1  0  0  0  0  0  1 16  1]
 [ 0  0  0  0  0  0  0  0  0  0  0  0 22]]