分类报告：
                 precision    recall  f1-score   support

AbstractFactory       0.57      0.89      0.70         9
        Adapter       0.89      1.00      0.94         8
        Builder       1.00      1.00      1.00         6
      Decorator       0.88      1.00      0.93         7
         Facade       0.80      0.80      0.80         5
  FactoryMethod       0.90      0.69      0.78        13
        Memento       0.57      1.00      0.73         4
           None       1.00      1.00      1.00         3
       Observer       0.75      1.00      0.86         3
      Prototype       0.80      0.73      0.76        11
          Proxy       1.00      0.43      0.60         7
      Singleton       1.00      0.33      0.50         3
        Visitor       1.00      0.83      0.91         6

       accuracy                           0.81        85
      macro avg       0.86      0.82      0.81        85
   weighted avg       0.85      0.81      0.81        85

混淆矩阵：
[[8 0 0 0 0 1 0 0 0 0 0 0 0]
 [0 8 0 0 0 0 0 0 0 0 0 0 0]
 [0 0 6 0 0 0 0 0 0 0 0 0 0]
 [0 0 0 7 0 0 0 0 0 0 0 0 0]
 [0 0 0 0 4 0 0 0 0 1 0 0 0]
 [4 0 0 0 0 9 0 0 0 0 0 0 0]
 [0 0 0 0 0 0 4 0 0 0 0 0 0]
 [0 0 0 0 0 0 0 3 0 0 0 0 0]
 [0 0 0 0 0 0 0 0 3 0 0 0 0]
 [0 1 0 0 0 0 2 0 0 8 0 0 0]
 [0 0 0 1 0 0 1 0 1 1 3 0 0]
 [1 0 0 0 1 0 0 0 0 0 0 1 0]
 [1 0 0 0 0 0 0 0 0 0 0 0 5]]