分类报告：
                 precision    recall  f1-score   support

AbstractFactory       0.94      0.80      0.86        20
        Adapter       0.94      0.94      0.94        17
        Builder       0.84      0.95      0.89        22
      Decorator       0.95      0.90      0.92        20
         Facade       0.95      0.95      0.95        22
  FactoryMethod       0.53      1.00      0.70         8
        Memento       1.00      0.95      0.97        19
           None       1.00      0.86      0.93        29
       Observer       0.89      0.94      0.92        18
      Prototype       0.82      0.78      0.80        18
          Proxy       0.89      0.84      0.86        19
      Singleton       0.89      0.85      0.87        20
        Visitor       0.96      1.00      0.98        22

       accuracy                           0.90       254
      macro avg       0.89      0.91      0.89       254
   weighted avg       0.91      0.90      0.90       254

混淆矩阵：
[[16  0  0  0  0  4  0  0  0  0  0  0  0]
 [ 0 16  0  0  0  0  0  0  1  0  0  0  0]
 [ 0  0 21  0  0  1  0  0  0  0  0  0  0]
 [ 0  0  1 18  0  1  0  0  0  0  0  0  0]
 [ 0  0  1  0 21  0  0  0  0  0  0  0  0]
 [ 0  0  0  0  0  8  0  0  0  0  0  0  0]
 [ 0  0  0  0  1  0 18  0  0  0  0  0  0]
 [ 1  0  1  0  0  0  0 25  0  0  0  1  1]
 [ 0  0  0  0  0  0  0  0 17  0  1  0  0]
 [ 0  1  0  1  0  1  0  0  1 14  0  0  0]
 [ 0  0  0  0  0  0  0  0  0  2 16  1  0]
 [ 0  0  1  0  0  0  0  0  0  1  1 17  0]
 [ 0  0  0  0  0  0  0  0  0  0  0  0 22]]