分类报告：
                 precision    recall  f1-score   support

AbstractFactory       0.85      0.85      0.85        20
        Adapter       0.74      0.82      0.78        17
        Builder       0.90      0.82      0.86        22
      Decorator       0.89      0.85      0.87        20
         Facade       0.75      0.82      0.78        22
  FactoryMethod       0.50      0.50      0.50         8
        Memento       0.94      0.89      0.92        19
           None       0.70      0.72      0.71        29
       Observer       0.94      0.94      0.94        18
      Prototype       0.70      0.78      0.74        18
          Proxy       0.82      0.74      0.78        19
      Singleton       0.68      0.65      0.67        20
        Visitor       0.95      0.95      0.95        22

       accuracy                           0.81       254
      macro avg       0.80      0.80      0.80       254
   weighted avg       0.81      0.81      0.81       254

混淆矩阵：
[[17  0  0  0  0  1  0  1  0  0  0  1  0]
 [ 0 14  0  0  0  0  0  1  1  0  0  0  1]
 [ 1  0 18  0  1  2  0  0  0  0  0  0  0]
 [ 0  0  1 17  0  1  0  1  0  0  0  0  0]
 [ 0  0  0  0 18  0  0  3  0  0  0  1  0]
 [ 2  0  0  0  1  4  0  0  0  0  0  1  0]
 [ 0  0  0  0  1  0 17  1  0  0  0  0  0]
 [ 0  1  1  0  1  0  1 21  0  1  1  2  0]
 [ 0  0  0  1  0  0  0  0 17  0  0  0  0]
 [ 0  2  0  0  0  0  0  1  0 14  0  1  0]
 [ 0  1  0  1  1  0  0  0  0  2 14  0  0]
 [ 0  0  0  0  1  0  0  1  0  3  2 13  0]
 [ 0  1  0  0  0  0  0  0  0  0  0  0 21]]