分类报告：
                 precision    recall  f1-score   support

AbstractFactory       0.44      0.89      0.59         9
        Adapter       1.00      0.88      0.93         8
        Builder       1.00      0.67      0.80         6
      Decorator       1.00      0.57      0.73         7
         Facade       1.00      0.80      0.89         5
  FactoryMethod       0.75      0.69      0.72        13
        Memento       0.80      1.00      0.89         4
           None       1.00      0.67      0.80         3
       Observer       1.00      1.00      1.00         3
      Prototype       0.80      0.73      0.76        11
          Proxy       0.75      0.86      0.80         7
      Singleton       0.33      0.33      0.33         3
        Visitor       1.00      0.83      0.91         6

       accuracy                           0.76        85
      macro avg       0.84      0.76      0.78        85
   weighted avg       0.82      0.76      0.78        85

混淆矩阵：
[[8 0 0 0 0 1 0 0 0 0 0 0 0]
 [1 7 0 0 0 0 0 0 0 0 0 0 0]
 [0 0 4 0 0 2 0 0 0 0 0 0 0]
 [3 0 0 4 0 0 0 0 0 0 0 0 0]
 [0 0 0 0 4 0 0 0 0 1 0 0 0]
 [4 0 0 0 0 9 0 0 0 0 0 0 0]
 [0 0 0 0 0 0 4 0 0 0 0 0 0]
 [0 0 0 0 0 0 0 2 0 0 1 0 0]
 [0 0 0 0 0 0 0 0 3 0 0 0 0]
 [0 0 0 0 0 0 0 0 0 8 1 2 0]
 [0 0 0 0 0 0 1 0 0 0 6 0 0]
 [1 0 0 0 0 0 0 0 0 1 0 1 0]
 [1 0 0 0 0 0 0 0 0 0 0 0 5]]